    0.00     0.25     0.50     0.75     1.00     1.25     
1.50     1.75
 3.50782  3.36817  3.25046  3.09439  2.93823  2.68381  
2.45536  2.23407
    2.00     2.25     2.50     2.75     3.00     3.25     
3.50     3.75
 2.05824  1.79243  1.57187  1.37163  1.19929  0.94736  
0.76253  0.58433
    4.00     4.25     4.50     4.75     5.00     5.25     
5.50     5.75
 0.47129  0.30340  0.18769  0.10116  0.06323 -0.03146 
-0.05731 -0.07719
    6.00     6.25     6.50     6.75     7.00     7.25     
7.50     7.75
-0.05071 -0.09087 -0.09455 -0.08346 -0.03936 -0.07348 
-0.08186 -0.09767
    8.00     8.25     8.50     8.75     9.00     9.25     
9.50     9.75
-0.08564 -0.15293 -0.16994 -0.19616 -0.18747 -0.25228 
-0.28577 -0.31128
   10.00    10.25    10.50    10.75    11.00    11.25    
11.50    11.75
-0.30903 -0.38022 -0.42844 -0.47281 -0.49801 -0.59462 
-0.64487 -0.70276
   12.00    12.25    12.50    12.75    13.00    13.25    
13.50    13.75
-0.72550 -0.79253 -0.82418 -0.84592 -0.83653 -0.88028 
-0.88916 -0.90257
   14.00    14.25    14.50    14.75    15.00    15.25    
15.50    15.75
-0.89322 -0.92580 -0.91300 -0.90710 -0.86695 -0.86276 
-0.81848 -0.76384
   16.00    16.25    16.50    16.75    17.00    17.25    
17.50    17.75
-0.68264 -0.63194 -0.54168 -0.45508 -0.34789 -0.28450 
-0.19365 -0.11707
   18.00    18.25    18.50    18.75    19.00    19.25    
19.50    19.75
-0.03974 -0.01651  0.01642  0.03336  0.04777  0.03840  
0.05179  0.04897
   20.00    20.25    20.50    20.75    21.00    21.25    
21.50    21.75
 0.06810  0.06026  0.06592  0.06538  0.04916  0.00498 
-0.04354 -0.10680
   22.00    22.25    22.50    22.75    23.00    23.25    
23.50    23.75
-0.16746 -0.23614 -0.29312 -0.35116 -0.39225 -0.44890 
-0.47777 -0.51642
   24.00    24.25    24.50    24.75    25.00    25.25    
25.50    25.75
-0.54372 -0.59602 -0.62717 -0.65012 -0.65835 -0.67186 
-0.65251 -0.63742
   26.00    26.25    26.50    26.75    27.00    27.25    
27.50    27.75
-0.61494 -0.58474 -0.54080 -0.48618 -0.43232 -0.39288 
-0.32325 -0.25969
   28.00    28.25    28.50    28.75    29.00    29.25    
29.50    29.75
-0.19427 -0.14132 -0.08712 -0.04886 -0.01740  0.00778  
0.03773  0.06790
   30.00    30.25    30.50    30.75    31.00    31.25    
31.50    31.75
 0.08827  0.12061  0.14957  0.16201  0.18095  0.18532  
0.18145  0.16509
   32.00    32.25    32.50    32.75    33.00    33.25
 0.14238  0.12282  0.10183  0.07187  0.04908  0.02518