  0.00   0.25   0.50   0.75   1.00   1.25   1.50   1.75   
2.00   2.25
 1.000  0.960  0.927  0.882  0.838  0.765  0.700  0.637  
0.587  0.511
  2.50   2.75   3.00   3.25   3.50   3.75   4.00   4.25   
4.50   4.75
 0.448  0.391  0.342  0.270  0.217  0.167  0.134  0.086  
0.054  0.029
  5.00   5.25   5.50   5.75   6.00   6.25   6.50   6.75   
7.00   7.25
 0.018 -0.009 -0.016 -0.022 -0.014 -0.026 -0.027 -0.024 
-0.011 -0.021
  7.50   7.75   8.00   8.25   8.50   8.75   9.00   9.25   
9.50   9.75
-0.023 -0.028 -0.024 -0.044 -0.048 -0.056 -0.053 -0.072 
-0.081 -0.089
 10.00  10.25  10.50  10.75  11.00  11.25  11.50  11.75  
12.00  12.25
-0.088 -0.108 -0.122 -0.135 -0.142 -0.170 -0.184 -0.200 
-0.207 -0.226
 12.50  12.75  13.00  13.25  13.50  13.75  14.00  14.25  
14.50  14.75
-0.235 -0.241 -0.238 -0.251 -0.253 -0.257 -0.255 -0.264 
-0.260 -0.259
 15.00  15.25  15.50  15.75  16.00  16.25  16.50  16.75  
17.00  17.25
-0.247 -0.246 -0.233 -0.218 -0.195 -0.180 -0.154 -0.130 
-0.099 -0.081
 17.50  17.75  18.00  18.25  18.50  18.75  19.00  19.25  
19.50  19.75
-0.055 -0.033 -0.011 -0.005  0.005  0.010  0.014  0.011  
0.015  0.014
 20.00  20.25  20.50  20.75  21.00  21.25  21.50  21.75  
22.00  22.25
 0.019  0.017  0.019  0.019  0.014  0.001 -0.012 -0.030 
-0.048 -0.067
 22.50  22.75  23.00  23.25  23.50  23.75  24.00  24.25  
24.50  24.75
-0.084 -0.100 -0.112 -0.128 -0.136 -0.147 -0.155 -0.170 
-0.179 -0.185
 25.00  25.25  25.50  25.75  26.00  26.25  26.50  26.75  
27.00  27.25
-0.188 -0.192 -0.186 -0.182 -0.175 -0.167 -0.154 -0.139 
-0.123 -0.112
 27.50  27.75  28.00  28.25  28.50  28.75  29.00  29.25  
29.50  29.75
-0.092 -0.074 -0.055 -0.040 -0.025 -0.014 -0.005  0.002  
0.011  0.019
 30.00  30.25  30.50  30.75  31.00  31.25  31.50  31.75  
32.00  32.25
 0.025  0.034  0.043  0.046  0.052  0.053  0.052  0.047  
0.041  0.035
 32.50  32.75  33.00  33.25
 0.029  0.020  0.014  0.007