> summary(ar2)
    Min.  1st Qu.   Median     Mean  3rd Qu.     Max. 
-15.9912  -4.1551   0.2573  -0.4977   3.1792  12.1109 
> sd(ar2)^2
[1] 29.35015
> acorr
Autocorrelations of series 'ar2', by lag
     0      1      2      3      4      5      6      7      8      9 
 1.000  0.971  0.910  0.833  0.751  0.670  0.593  0.524  0.459  0.398 
    10     11     12     13     14     15     16     17     18     19 
 0.340  0.284  0.232  0.185  0.142  0.101  0.060  0.022 
-0.011 -0.038 
    20     21     22     23     24 
-0.061 -0.079 -0.093 -0.103 -0.109 