> acorr
Autocorrelations of series 'ar2', by lag
     0      1      2      3      4      5      6      7      8      9 
 1.000  0.971  0.910  0.833  0.751  0.670  0.593  0.524  0.459  0.398 
    10     11     12     13     14     15     16     17     18     19 
 0.340  0.284  0.232  0.185  0.142  0.101  0.060  0.022 
-0.011 -0.038 
    20     21     22     23     24     25     26     27     28     29 
-0.061 -0.079 -0.093 -0.103 -0.109 -0.111 -0.112 -0.111 
-0.108 -0.107 
    30     31     32     33     34     35     36     37     38     39 
-0.105 -0.105 -0.105 -0.101 -0.094 -0.083 -0.070 -0.055 
-0.040 -0.026 
    40     41     42     43     44     45     46     47     48     49 
-0.014 -0.004  0.004  0.010  0.014  0.017  0.018  0.019  0.019  0.018 
    50 
 0.015 
> pacorr
Partial autocorrelations of series 'ar2', by lag
     1      2      3      4      5      6      7      8      9     10 
 0.971 -0.589  0.008  0.020  0.013 -0.030  0.040 -0.079 
-0.013 -0.038 
    11     12     13     14     15     16     17     18     19     20 
-0.007  0.007  0.007 -0.067 -0.022 -0.068  0.060  0.010  0.026 -0.070 
    21     22     23     24     25     26     27     28     29     30 
 0.019  0.014  0.026 -0.033  0.035 -0.030 -0.007 -0.005 
-0.025  0.009 
    31     32     33     34     35     36     37     38     39     40 
-0.029  0.028  0.033  0.026 -0.004  0.008  0.022 -0.016 
-0.018  0.010 
    41     42     43     44     45     46     47     48     49     50 
-0.020  0.015 -0.005 -0.033  0.037 -0.029  0.010 -0.007 
-0.019 -0.044 